No files changed, compilation skipped

╭----------------------------------------------------------------------------------------------------------+------------------+-------------------+--------------------+---------------------╮
| Contract                                                                                                 | Runtime Size (B) | Initcode Size (B) | Runtime Margin (B) | Initcode Margin (B) |
+============================================================================================================================================================================================+
| Address (lib/relay-contracts-new/lib/openzeppelin-contracts/contracts/utils/Address.sol)                 | 44               | 94                | 24,532             | 49,058              |
|----------------------------------------------------------------------------------------------------------+------------------+-------------------+--------------------+---------------------|
| Address (node_modules/@openzeppelin/contracts/utils/Address.sol)                                         | 44               | 94                | 24,532             | 49,058              |
|----------------------------------------------------------------------------------------------------------+------------------+-------------------+--------------------+---------------------|
| BN254                                                                                                    | 44               | 94                | 24,532             | 49,058              |
|----------------------------------------------------------------------------------------------------------+------------------+-------------------+--------------------+---------------------|
| BN254G2                                                                                                  | 44               | 94                | 24,532             | 49,058              |
|----------------------------------------------------------------------------------------------------------+------------------+-------------------+--------------------+---------------------|
| Bytes                                                                                                    | 44               | 94                | 24,532             | 49,058              |
|----------------------------------------------------------------------------------------------------------+------------------+-------------------+--------------------+---------------------|
| Checkpoints (lib/relay-contracts-new/lib/core/src/contracts/libraries/Checkpoints.sol)                   | 44               | 94                | 24,532             | 49,058              |
|----------------------------------------------------------------------------------------------------------+------------------+-------------------+--------------------+---------------------|
| Checkpoints (lib/relay-contracts-new/lib/openzeppelin-contracts/contracts/utils/structs/Checkpoints.sol) | 44               | 94                | 24,532             | 49,058              |
|----------------------------------------------------------------------------------------------------------+------------------+-------------------+--------------------+---------------------|
| Checkpoints (lib/relay-contracts-new/src/libraries/structs/Checkpoints.sol)                              | 44               | 94                | 24,532             | 49,058              |
|----------------------------------------------------------------------------------------------------------+------------------+-------------------+--------------------+---------------------|
| Create2                                                                                                  | 44               | 94                | 24,532             | 49,058              |
|----------------------------------------------------------------------------------------------------------+------------------+-------------------+--------------------+---------------------|
| CreateXWrapper                                                                                           | 2,764            | 2,792             | 21,812             | 46,360              |
|----------------------------------------------------------------------------------------------------------+------------------+-------------------+--------------------+---------------------|
| Driver                                                                                                   | 17,512           | 17,540            | 7,064              | 31,612              |
|----------------------------------------------------------------------------------------------------------+------------------+-------------------+--------------------+---------------------|
| ECDSA                                                                                                    | 44               | 94                | 24,532             | 49,058              |
|----------------------------------------------------------------------------------------------------------+------------------+-------------------+--------------------+---------------------|
| ERC1967Proxy                                                                                             | 122              | 935               | 24,454             | 48,217              |
|----------------------------------------------------------------------------------------------------------+------------------+-------------------+--------------------+---------------------|
| ERC1967Utils                                                                                             | 44               | 94                | 24,532             | 49,058              |
|----------------------------------------------------------------------------------------------------------+------------------+-------------------+--------------------+---------------------|
| ERC4626Math                                                                                              | 44               | 94                | 24,532             | 49,058              |
|----------------------------------------------------------------------------------------------------------+------------------+-------------------+--------------------+---------------------|
| Errors (lib/relay-contracts-new/lib/openzeppelin-contracts/contracts/utils/Errors.sol)                   | 44               | 94                | 24,532             | 49,058              |
|----------------------------------------------------------------------------------------------------------+------------------+-------------------+--------------------+---------------------|
| Errors (node_modules/@openzeppelin/contracts/utils/Errors.sol)                                           | 44               | 94                | 24,532             | 49,058              |
|----------------------------------------------------------------------------------------------------------+------------------+-------------------+--------------------+---------------------|
| ExtraDataStorageHelper                                                                                   | 123              | 173               | 24,453             | 48,979              |
|----------------------------------------------------------------------------------------------------------+------------------+-------------------+--------------------+---------------------|
| FeeOnTransferToken                                                                                       | 1,785            | 3,197             | 22,791             | 45,955              |
|----------------------------------------------------------------------------------------------------------+------------------+-------------------+--------------------+---------------------|
| InputNormalizer                                                                                          | 44               | 94                | 24,532             | 49,058              |
|----------------------------------------------------------------------------------------------------------+------------------+-------------------+--------------------+---------------------|
| KeyBlsBn254                                                                                              | 44               | 94                | 24,532             | 49,058              |
|----------------------------------------------------------------------------------------------------------+------------------+-------------------+--------------------+---------------------|
| KeyEcdsaSecp256k1                                                                                        | 44               | 94                | 24,532             | 49,058              |
|----------------------------------------------------------------------------------------------------------+------------------+-------------------+--------------------+---------------------|
| KeyRegistry (lib/relay-contracts-new/src/modules/key-registry/KeyRegistry.sol)                           | 14,970           | 14,998            | 9,606              | 34,154              |
|----------------------------------------------------------------------------------------------------------+------------------+-------------------+--------------------+---------------------|
| KeyRegistry (src/symbiotic/KeyRegistry.sol)                                                              | 15,260           | 15,288            | 9,316              | 33,864              |
|----------------------------------------------------------------------------------------------------------+------------------+-------------------+--------------------+---------------------|
| KeyTags                                                                                                  | 44               | 94                | 24,532             | 49,058              |
|----------------------------------------------------------------------------------------------------------+------------------+-------------------+--------------------+---------------------|
| Logs                                                                                                     | 4,290            | 4,342             | 20,286             | 44,810              |
|----------------------------------------------------------------------------------------------------------+------------------+-------------------+--------------------+---------------------|
| Math (lib/relay-contracts-new/lib/openzeppelin-contracts/contracts/utils/math/Math.sol)                  | 44               | 94                | 24,532             | 49,058              |
|----------------------------------------------------------------------------------------------------------+------------------+-------------------+--------------------+---------------------|
| Math (node_modules/@openzeppelin/contracts/utils/math/Math.sol)                                          | 44               | 94                | 24,532             | 49,058              |
|----------------------------------------------------------------------------------------------------------+------------------+-------------------+--------------------+---------------------|
| MessageHashUtils                                                                                         | 44               | 94                | 24,532             | 49,058              |
|----------------------------------------------------------------------------------------------------------+------------------+-------------------+--------------------+---------------------|
| MockERC20                                                                                                | 1,821            | 2,911             | 22,755             | 46,241              |
|----------------------------------------------------------------------------------------------------------+------------------+-------------------+--------------------+---------------------|
| Network                                                                                                  | 12,359           | 12,551            | 12,217             | 36,601              |
|----------------------------------------------------------------------------------------------------------+------------------+-------------------+--------------------+---------------------|
| OpNetVaultAutoDeployLogic                                                                                | 5,693            | 5,745             | 18,883             | 43,407              |
|----------------------------------------------------------------------------------------------------------+------------------+-------------------+--------------------+---------------------|
| Panic (lib/relay-contracts-new/lib/openzeppelin-contracts/contracts/utils/Panic.sol)                     | 44               | 94                | 24,532             | 49,058              |
|----------------------------------------------------------------------------------------------------------+------------------+-------------------+--------------------+---------------------|
| Panic (node_modules/@openzeppelin/contracts/utils/Panic.sol)                                             | 44               | 94                | 24,532             | 49,058              |
|----------------------------------------------------------------------------------------------------------+------------------+-------------------+--------------------+---------------------|
| PersistentSet                                                                                            | 44               | 94                | 24,532             | 49,058              |
|----------------------------------------------------------------------------------------------------------+------------------+-------------------+--------------------+---------------------|
| ProxyAdmin                                                                                               | 977              | 1,213             | 23,599             | 47,939              |
|----------------------------------------------------------------------------------------------------------+------------------+-------------------+--------------------+---------------------|
| SafeCast (lib/relay-contracts-new/lib/openzeppelin-contracts/contracts/utils/math/SafeCast.sol)          | 44               | 94                | 24,532             | 49,058              |
|----------------------------------------------------------------------------------------------------------+------------------+-------------------+--------------------+---------------------|
| SafeCast (node_modules/@openzeppelin/contracts/utils/math/SafeCast.sol)                                  | 44               | 94                | 24,532             | 49,058              |
|----------------------------------------------------------------------------------------------------------+------------------+-------------------+--------------------+---------------------|
| SafeERC20                                                                                                | 44               | 94                | 24,532             | 49,058              |
|----------------------------------------------------------------------------------------------------------+------------------+-------------------+--------------------+---------------------|
| Settlement (src/symbiotic/Settlement.sol)                                                                | 11,790           | 11,818            | 12,786             | 37,334              |
|----------------------------------------------------------------------------------------------------------+------------------+-------------------+--------------------+---------------------|
| SettlementMock                                                                                           | 799              | 827               | 23,777             | 48,325              |
|----------------------------------------------------------------------------------------------------------+------------------+-------------------+--------------------+---------------------|
| SigBlsBn254                                                                                              | 44               | 94                | 24,532             | 49,058              |
|----------------------------------------------------------------------------------------------------------+------------------+-------------------+--------------------+---------------------|
| SigEcdsaSecp256k1                                                                                        | 44               | 94                | 24,532             | 49,058              |
|----------------------------------------------------------------------------------------------------------+------------------+-------------------+--------------------+---------------------|
| SigVerifierBlsBn254Simple                                                                                | 4,946            | 4,974             | 19,630             | 44,178              |
|----------------------------------------------------------------------------------------------------------+------------------+-------------------+--------------------+---------------------|
| SigVerifierBlsBn254ZK                                                                                    | 2,694            | 3,774             | 21,882             | 45,378              |
|----------------------------------------------------------------------------------------------------------+------------------+-------------------+--------------------+---------------------|
| SignatureChecker                                                                                         | 44               | 94                | 24,532             | 49,058              |
|----------------------------------------------------------------------------------------------------------+------------------+-------------------+--------------------+---------------------|
| SignedMath                                                                                               | 44               | 94                | 24,532             | 49,058              |
|----------------------------------------------------------------------------------------------------------+------------------+-------------------+--------------------+---------------------|
| Simulation                                                                                               | 44               | 94                | 24,532             | 49,058              |
|----------------------------------------------------------------------------------------------------------+------------------+-------------------+--------------------+---------------------|
| StorageSlot                                                                                              | 44               | 94                | 24,532             | 49,058              |
|----------------------------------------------------------------------------------------------------------+------------------+-------------------+--------------------+---------------------|
| Strings                                                                                                  | 44               | 94                | 24,532             | 49,058              |
|----------------------------------------------------------------------------------------------------------+------------------+-------------------+--------------------+---------------------|
| Subnetwork                                                                                               | 44               | 94                | 24,532             | 49,058              |
|----------------------------------------------------------------------------------------------------------+------------------+-------------------+--------------------+---------------------|
| SumTask                                                                                                  | 2,421            | 2,555             | 22,155             | 46,597              |
|----------------------------------------------------------------------------------------------------------+------------------+-------------------+--------------------+---------------------|
| SymbioticCoreBytecode                                                                                    | 44               | 94                | 24,532             | 49,058              |
|----------------------------------------------------------------------------------------------------------+------------------+-------------------+--------------------+---------------------|
| SymbioticCoreConstants                                                                                   | 44               | 94                | 24,532             | 49,058              |
|----------------------------------------------------------------------------------------------------------+------------------+-------------------+--------------------+---------------------|
| SymbioticUtils                                                                                           | 80               | 109               | 24,496             | 49,043              |
|----------------------------------------------------------------------------------------------------------+------------------+-------------------+--------------------+---------------------|
| TimelockControllerUpgradeable                                                                            | 7,691            | 7,719             | 16,885             | 41,433              |
|----------------------------------------------------------------------------------------------------------+------------------+-------------------+--------------------+---------------------|
| Token                                                                                                    | 1,723            | 3,065             | 22,853             | 46,087              |
|----------------------------------------------------------------------------------------------------------+------------------+-------------------+--------------------+---------------------|
| TransparentUpgradeableProxy                                                                              | 1,074            | 3,447             | 23,502             | 45,705              |
|----------------------------------------------------------------------------------------------------------+------------------+-------------------+--------------------+---------------------|
| VotingPowerProviderLogic                                                                                 | 15,628           | 15,680            | 8,948              | 33,472              |
|----------------------------------------------------------------------------------------------------------+------------------+-------------------+--------------------+---------------------|
| VotingPowers                                                                                             | 14,808           | 15,016            | 9,768              | 34,136              |
╰----------------------------------------------------------------------------------------------------------+------------------+-------------------+--------------------+---------------------╯

